"DESCRIPTION","DURATION IN MS","NAME","PARENT SUITE","START TIME","STATUS","STOP TIME","SUB SUITE","SUITE","TEST CLASS","TEST METHOD"
"","847","testing3","","Fri May 08 10:56:37 UTC 2026","passed","Fri May 08 10:56:37 UTC 2026","","TesteSuite 2","",""
"","1760","testing1","","Fri May 08 10:56:29 UTC 2026","passed","Fri May 08 10:56:31 UTC 2026","","TesteSuite","TesteSuite","testing1"
"","2316","testing1","","Fri May 08 10:56:34 UTC 2026","passed","Fri May 08 10:56:37 UTC 2026","","TesteSuite 2","TesteSuite 2","testing1"
"","755","testing3","","Fri May 08 10:56:32 UTC 2026","passed","Fri May 08 10:56:33 UTC 2026","","TesteSuite","TesteSuite","testing3"
"","815","testing2","","Fri May 08 10:56:31 UTC 2026","passed","Fri May 08 10:56:32 UTC 2026","","TesteSuite","",""
"","2273","testing1","","Fri May 08 10:56:34 UTC 2026","passed","Fri May 08 10:56:37 UTC 2026","","TesteSuite 2","",""
"","839","testing2","","Fri May 08 10:56:31 UTC 2026","passed","Fri May 08 10:56:32 UTC 2026","","TesteSuite","TesteSuite","testing2"
"","884","testing3","","Fri May 08 10:56:37 UTC 2026","passed","Fri May 08 10:56:38 UTC 2026","","TesteSuite 2","TesteSuite 2","testing3"
