"DESCRIPTION","DURATION IN MS","NAME","PARENT SUITE","START TIME","STATUS","STOP TIME","SUB SUITE","SUITE","TEST CLASS","TEST METHOD"
"","828","testing3","","Thu Nov 27 09:50:16 UTC 2025","passed","Thu Nov 27 09:50:16 UTC 2025","","TesteSuite 2","TesteSuite 2","testing3"
"","807","testing2","","Thu Nov 27 09:50:10 UTC 2025","passed","Thu Nov 27 09:50:11 UTC 2025","","TesteSuite","",""
"","2103","testing1","","Thu Nov 27 09:50:13 UTC 2025","passed","Thu Nov 27 09:50:16 UTC 2025","","TesteSuite 2","TesteSuite 2","testing1"
"","829","testing2","","Thu Nov 27 09:50:10 UTC 2025","passed","Thu Nov 27 09:50:11 UTC 2025","","TesteSuite","TesteSuite","testing2"
"","1731","testing1","","Thu Nov 27 09:50:09 UTC 2025","passed","Thu Nov 27 09:50:10 UTC 2025","","TesteSuite","TesteSuite","testing1"
"","2081","testing1","","Thu Nov 27 09:50:13 UTC 2025","passed","Thu Nov 27 09:50:16 UTC 2025","","TesteSuite 2","",""
"","793","testing3","","Thu Nov 27 09:50:16 UTC 2025","passed","Thu Nov 27 09:50:16 UTC 2025","","TesteSuite 2","",""
"","750","testing3","","Thu Nov 27 09:50:11 UTC 2025","passed","Thu Nov 27 09:50:12 UTC 2025","","TesteSuite","TesteSuite","testing3"
